Target values,Prediction,residuals
0.62,0.5974143790884677,0.022585620911532267
0.5,0.5158084314782955,-0.01580843147829547
0.5,0.4883214068824298,0.01167859311757019
0.34,0.311470137634747,0.02852986236525301
0.59,0.5881573759834774,0.001842624016522576
0.69,0.6539538167755065,0.03604618322449349
0.8,0.8251041502839588,-0.025104150283958737
0.68,0.6641697245741446,0.015830275425855467
0.59,0.592075155204229,-0.0020751552042290733
0.46,0.4572213174921073,0.0027786825078927047
0.58,0.5568530655378485,0.023146934462151436
0.7,0.6529559278929821,0.04704407210701789
0.59,0.6742126644037013,-0.08421266440370134
0.47,0.4869730122403069,-0.01697301224030695
0.7,0.6958068148898215,0.00419318511017841
0.75,0.7754992625782047,-0.025499262578204673
0.69,0.6627806394786673,0.02721936052133267
0.74,0.7438670726553862,-0.0038670726553862167
0.39,0.3967682681189468,-0.006768268118946763
0.41,0.48871368726879255,-0.07871368726879258
0.35,0.42270995638567843,-0.07270995638567845
0.66,0.636543855012151,0.02345614498784898
0.51,0.5252990684253568,-0.015299068425356777
0.71,0.7285474755191482,-0.01854747551914826
0.53,0.5074531693094875,0.022546830690512554
0.4,0.4137867260182097,-0.013786726018209683
0.49,0.5057439343547219,-0.015743934354721878
0.6,0.5823245209935503,0.017675479006449724
0.8,0.8007561564780378,-0.0007561564780377283
0.63,0.6112892842024873,0.01871071579751271
0.63,0.6055104398709256,0.02448956012907444
0.66,0.6630046765450969,-0.0030046765450968405
0.53,0.5199186280999115,0.01008137190008851
0.5,0.5015721953654716,-0.0015721953654715959
0.76,0.7398437723441657,0.020156227655834358
0.69,0.6739756636765595,0.01602433632344047
0.66,0.6214979830595245,0.0385020169404755
0.7,0.6653236368574351,0.03467636314256484
0.82,0.8092563386412427,0.010743661358757262
0.58,0.598712530306109,-0.018712530306109088
0.72,0.6956395487741619,0.024360451225838076
0.68,0.6714358325126037,0.008564167487396301
0.37,0.38290860488068523,-0.012908604880685237
0.55,0.5301814384109436,0.019818561589056483
0.45,0.44209495466565657,0.007905045334343441
0.37,0.42498089883990736,-0.054980898839907366
0.79,0.8157612697499659,-0.025761269749965843
0.49,0.5508234960918661,-0.0608234960918661
0.56,0.565543724657143,-0.005543724657142923
0.76,0.7282257480902034,0.03177425190979666
0.54,0.5401158021406344,-0.00011580214063433569
0.76,0.827181753771069,-0.06718175377106894
0.49,0.47323127524513514,0.01676872475486485
0.46,0.4515596472810016,0.0084403527189984
0.67,0.71978675776631,-0.04978675776630992
0.83,0.7917561403436003,0.03824385965639965
0.61,0.5987773252883266,0.011222674711673375
0.51,0.5567590303618555,-0.04675903036185547
0.45,0.5022158178725054,-0.05221581787250534
0.77,0.7533491119312749,0.016650888068725167
0.57,0.5329549673299955,0.037045032670004474
0.84,0.8500497586690984,-0.010049758669098408
0.44,0.45040965337628414,-0.010409653376284134
0.85,0.819603396856178,0.030396603143821976
0.7,0.6909565949505478,0.009043405049452113
0.44,0.4287987273868235,0.011201272613176494
0.82,0.7964537746965077,0.023546225303492263
0.61,0.6020378911643676,0.00796210883563242
0.53,0.5260025723257968,0.003997427674203191
0.42,0.4595012461718146,-0.03950124617181461
0.5,0.4861281779439475,0.013871822056052474
0.64,0.6445742707704635,-0.004574270770463462
0.62,0.6034559816882838,0.016544018311716147
0.51,0.4947853417159542,0.015214658284045834
0.62,0.636049715894575,-0.016049715894575045
0.77,0.7646732592337983,0.005326740766201765
0.58,0.5972712421300371,-0.017271242130037168
0.67,0.6677428819854913,0.0022571180145087855
0.64,0.711175142321965,-0.07117514232196498
0.87,0.8252541145776803,0.04474588542231972
0.36,0.3582317823281937,0.0017682176718062936
0.77,0.766797336936573,0.0032026630634269804
0.36,0.42823048085061494,-0.06823048085061495
0.73,0.7173934356700127,0.012606564329987302
0.53,0.5280200447898051,0.0019799552101948947
0.52,0.5161897245152007,0.003810275484799286
0.68,0.7675279661794885,-0.08752796617948844
0.58,0.5744499667677128,0.005550033232287199
0.58,0.5136460000219375,0.06635399997806246
0.56,0.6145741257174492,-0.05457412571744913
0.41,0.4749412264201401,-0.06494122642014011
0.41,0.40902731359766414,0.0009726864023358317
0.4,0.40843677936952133,-0.008436779369521308
0.51,0.5350645617600779,-0.025064561760077875
0.56,0.5657659391293951,-0.005765939129395048
0.73,0.7333511659919931,-0.0033511659919931436
0.84,0.852145617452787,-0.012145617452787083
0.59,0.5952514583833852,-0.005251458383385255
0.58,0.5620087818246294,0.017991218175370527
0.39,0.3992751216716364,-0.00927512167163641
0.38,0.40051377121102116,-0.02051377121102116
0.71,0.7050925743747248,0.00490742562527513
0.69,0.6673929996734711,0.022607000326528848
0.44,0.4649637195920287,-0.0249637195920287
0.77,0.7824244312180297,-0.012424431218029719
0.51,0.4982936784216711,0.011706321578328904
0.61,0.6044393881721105,0.005560611827889472
0.55,0.5547959013290039,-0.004795901329003871
0.53,0.541530045878127,-0.011530045878127004
0.72,0.7128938215980433,0.007106178401956709
0.48,0.4611238840453418,0.018876115954658157
0.45,0.41691789816029134,0.033082101839708666
0.76,0.7425436845236572,0.017456315476342854
0.53,0.5290814940321078,0.0009185059678922247
0.68,0.6771035322496474,0.0028964677503526826
0.4,0.38667061085158244,0.01332938914841758
0.81,0.8185801656902949,-0.00858016569029485
0.72,0.6713023016558799,0.04869769834412008
0.47,0.4642555053296219,0.005744494670378075
0.73,0.7292003053836679,0.0007996946163321139
0.53,0.507072604027912,0.022927395972088038
0.37,0.46638858458870935,-0.09638858458870936
0.5,0.48542981978182703,0.014570180218172968
0.56,0.5824697677089176,-0.02246976770891751
0.77,0.7643921792773695,0.005607820722630552
0.5,0.5007914626099208,-0.0007914626099208011
0.87,0.8669335872730013,0.003066412726998702
0.72,0.7215570238403609,-0.0015570238403609382
0.56,0.5520922836427591,0.007907716357240968
0.49,0.5083932015045931,-0.018393201504593115
0.9,0.9094203982776307,-0.009420398277630637
0.64,0.6240698561686271,0.015930143831372923
0.65,0.6609790869949158,-0.010979086994915788
0.67,0.6458572521996213,0.024142747800378728
0.55,0.5441409005562381,0.00585909944376195
0.64,0.6450778141404981,-0.005077814140498127
0.79,0.7653040702796131,0.024695929720386922
0.58,0.5746052061002704,0.005394793899729522
0.77,0.8000255819145337,-0.03002558191453364
0.6,0.5821126394192009,0.017887360580799094
0.52,0.5117530564112285,0.008246943588771538
0.6,0.5977944702529924,0.0022055297470076063
0.62,0.6252925805882948,-0.0052925805882948485
0.43,0.41526303584581653,0.014736964154183463
0.68,0.6581909834205436,0.02180901657945644
0.49,0.4843105669035468,0.0056894330964532
0.59,0.5913164025390235,-0.0013164025390235423
0.36,0.35678255169875134,0.0032174483012486488
0.59,0.5703539062380577,0.019646093761942263
0.75,0.721350557970612,0.028649442029388017
0.61,0.5910024808017228,0.01899751919827719
0.34,0.35744654888113364,-0.017446548881133617
0.59,0.6063986270158291,-0.01639862701582917
0.78,0.7695813453931964,0.010418654606803579
0.55,0.5632769339127552,-0.013276933912755196
0.51,0.5101705105902726,-0.00017051059027262117
0.69,0.7407383350848983,-0.050738335084898334
0.82,0.7979791575121943,0.02202084248780567
0.76,0.7452643824351975,0.014735617564802461
0.61,0.606261086389584,0.003738913610416006
0.6,0.5996239011905243,0.00037609880947564456
0.64,0.6690972972538958,-0.02909729725389576
0.7,0.6785530990378028,0.021446900962197146
0.5,0.48245890100572214,0.01754109899427786
0.54,0.5571445637286779,-0.017144563728677897
0.64,0.6543666482237745,-0.014366648223774536
0.66,0.6396440309649077,0.02035596903509229
0.67,0.6613339811394932,0.008666018860506886
0.88,0.9030088425492394,-0.023008842549239406
0.77,0.766797336936573,0.0032026630634269804
0.79,0.7475292894397315,0.04247071056026852
0.61,0.5882833028032736,0.02171669719672642
0.82,0.7969451897039415,0.023054810296058492
0.78,0.770350624940197,0.009649375059803011
0.88,0.8590079599625734,0.020992040037426607
0.77,0.7953145474197104,-0.025314547419710398
0.75,0.7547706880365723,-0.004770688036572324
0.54,0.5311557580899431,0.00884424191005695
0.64,0.6222090936869021,0.017790906313097876
0.75,0.7295995814848472,0.02040041851515284
0.54,0.5088077398149723,0.031192260185027743
0.45,0.46279630897820556,-0.01279630897820555
0.55,0.5557409519130088,-0.005740951913008718
0.26,0.26331881132686796,-0.003318811326867954
0.54,0.5364674424154677,0.003532557584532303
0.52,0.5359163933615598,-0.01591639336155981
0.65,0.6324706475707608,0.017529352429239253
0.54,0.5273481458230692,0.012651854176930821
0.7,0.6784258729935403,0.021574127006459665
0.47,0.4545191324373437,0.015480867562656264
0.53,0.4897331884418548,0.04026681155814521
0.67,0.6481339980795893,0.02186600192041077
0.48,0.46658393383543467,0.01341606616456531
0.54,0.5353473625582835,0.004652637441716512
0.67,0.6613339811394932,0.008666018860506886
0.85,0.8328162124093628,0.01718378759063721
0.49,0.5032549747781491,-0.013254974778149076
0.6,0.6050071005560096,-0.005007100556009614
0.67,0.683050167865321,-0.013050167865320983
0.66,0.668482068194312,-0.008482068194311965
0.65,0.7101654527968947,-0.06016545279689467
0.44,0.43217288844245466,0.007827111557545341
0.47,0.4812736925769778,-0.0112736925769778
0.8,0.7911462993402928,0.008853700659707253
