Target values,Prediction,residuals
0.52,0.5620826000536061,-0.04208260005360609
0.64,0.6514834646401306,-0.011483464640130614
0.64,0.647977426028343,-0.007977426028342949
0.38,0.4092118129839316,-0.029211812983931607
0.59,0.5854338972048672,0.004566102795132809
0.71,0.7295642092395725,-0.019564209239572583
0.85,0.8491364630517072,0.0008635369482927757
0.8,0.831014703993509,-0.03101470399350892
0.53,0.5085635379049099,0.021436462095090092
0.58,0.6012645086612209,-0.021264508661220982
0.72,0.7041964012881883,0.015803598711811695
0.67,0.6743065145851157,-0.004306514585115662
0.72,0.7242647947292951,-0.004264794729295085
0.46,0.4711668957965111,-0.01116689579651109
0.64,0.6394350440870449,0.000564955912955134
0.48,0.4685249437461294,0.011475056253870575
0.65,0.6404827849931988,0.00951721500680125
0.48,0.477833148420985,0.0021668515790149723
0.6,0.5654880792835477,0.03451192071645226
0.69,0.6374820229796752,0.05251797702032479
0.44,0.4583508042079526,-0.018350804207952598
0.63,0.6141998800916578,0.01580011990834218
0.61,0.5817261340522245,0.02827386594777548
0.49,0.4800004220144005,0.009999577985599473
0.7,0.7192876479562683,-0.01928764795626836
0.6,0.6022575808977576,-0.0022575808977576273
0.64,0.6391347806959194,0.0008652193040805667
0.61,0.6236275102616237,-0.013627510261623677
0.86,0.8480602536004219,0.011939746399578066
0.53,0.5185745408102242,0.011425459189775777
0.64,0.6595053781642348,-0.01950537816423481
0.57,0.5566699110205736,0.013330088979426336
0.74,0.7276115535295591,0.012388446470440906
0.56,0.5765291062207213,-0.016529106220721235
0.51,0.5097932595940475,0.0002067404059524769
0.62,0.6303455474271826,-0.010345547427182633
0.76,0.7439958720534146,0.016004127946585456
0.59,0.5581961463720698,0.031803853627930145
0.52,0.5508795930501532,-0.030879593050153198
0.56,0.5592877857970758,0.0007122142029242218
0.42,0.4210196621995825,-0.001019662199582494
0.8,0.8114778266732132,-0.011477826673213176
0.52,0.5157464547628773,0.004253545237122736
0.65,0.6423273270650791,0.00767267293492091
0.67,0.6536295580878052,0.016370441912194833
0.62,0.6010201054835246,0.018979894516475415
0.52,0.5041057389668142,0.015894261033185808
0.42,0.4258800798321898,-0.0058800798321898
0.72,0.7191968346979839,0.0008031653020160734
0.54,0.5464388175196626,-0.006438817519662576
0.89,0.8763505675665215,0.013649432433478492
0.81,0.8052750141783486,0.004724985821651484
0.7,0.7080715210636123,-0.008071521063612308
0.5,0.5118573944403361,-0.011857394440336066
0.41,0.40992936784709505,7.063215290492586e-05
0.48,0.47365879980226383,0.006341200197736152
0.45,0.43843559375409563,0.01156440624590438
0.56,0.5527546582341626,0.007245341765837465
0.48,0.49331041712498036,-0.013310417124980378
0.44,0.4377655627079433,0.00223443729205669
0.53,0.6069763723126536,-0.07697637231265353
0.53,0.5239294154385448,0.006070584561455261
0.88,0.8582066223589334,0.02179337764106659
0.51,0.5091657714081955,0.0008342285918044867
0.56,0.5642547504804981,-0.00425475048049806
0.7,0.7073490694311856,-0.007349069431185629
0.78,0.7824201119381159,-0.0024201119381158653
0.69,0.6814519285219428,0.00854807147805714
0.42,0.4287149148953442,-0.008714914895344206
0.59,0.5867357107517374,0.0032642892482626085
0.92,0.9415283123652374,-0.021528312365237334
0.58,0.5256547244984506,0.05434527550154933
0.63,0.6480833043900317,-0.018083304390031696
0.64,0.6373620527409951,0.0026379472590049025
0.57,0.556498079131608,0.01350192086839197
0.51,0.5035495024495842,0.0064504975504158235
0.45,0.446234743474971,0.003765256525029015
0.65,0.649221895115613,0.0007781048843870098
0.53,0.5298567908298886,0.00014320917011145795
0.78,0.8054383869690451,-0.0254383869690451
0.47,0.4727430976355933,-0.002743097635593328
0.55,0.5452447535376107,0.00475524646238934
0.5,0.4832260615114493,0.016773938488550688
0.83,0.8272660149761827,0.002733985023817276
0.68,0.6722556147954531,0.0077443852045469
0.55,0.5392369145462712,0.010763085453728838
0.56,0.5415281984407454,0.018471801559254653
0.64,0.6228369685900891,0.017163031409910934
0.5,0.5082829881766184,-0.008282988176618433
0.71,0.7135908788745725,-0.003590878874572545
0.57,0.5649302214185661,0.00506977858143387
0.44,0.4217101512049538,0.018289848795046193
0.63,0.6144570531346418,0.015542946865358176
0.48,0.45626289217413973,0.02373710782586025
0.78,0.7721013103986796,0.007898689601320452
0.62,0.6196543385699711,0.0003456614300288985
0.43,0.4925127792712019,-0.06251277927120191
0.5,0.4935167000758636,0.0064832999241363765
0.77,0.7663147060966369,0.0036852939033631404
0.68,0.660418227762048,0.0195817722379521
0.77,0.7729070701708517,-0.0029070701708516777
0.7,0.6624395496373927,0.037560450362607245
0.52,0.5152909096236585,0.004709090376341485
0.55,0.5662784016279573,-0.01627840162795724
0.51,0.5030482236503797,0.006951776349620298
0.48,0.47329981473882166,0.006700185261178326
0.5,0.49372086959986017,0.006279130400139832
0.46,0.44905494404079893,0.010945055959201089
0.62,0.6451167148880188,-0.02511671488801881
0.58,0.5651478990146644,0.014852100985335515
0.43,0.43136937751686266,-0.0013693775168626687
0.39,0.3862186389254826,0.003781361074517431
0.65,0.6370761638650831,0.012923836134916877
0.73,0.7085942056541936,0.02140579434580636
0.7,0.6817868260709089,0.018213173929091053
0.4,0.4066043058367944,-0.0066043058367943885
0.47,0.416518340105423,0.05348165989457698
0.73,0.7172173067591314,0.012782693240868559
0.89,0.9136749883246014,-0.023674988324601354
0.47,0.47458281584193507,-0.004582815841935095
0.52,0.5347537092395167,-0.014753709239516688
0.57,0.5728453284816466,-0.0028453284816466473
0.38,0.3863126971655848,-0.006312697165584802
0.99,1.0095496828676678,-0.019549682867667784
0.55,0.5513540452764303,-0.001354045276430238
0.41,0.4337623485022047,-0.02376234850220471
0.51,0.49893000860643755,0.011069991393562462
0.63,0.6557929180573181,-0.025792918057318093
0.32,0.3551498006019611,-0.0351498006019611
0.57,0.5539568667820921,0.016043133217907846
0.47,0.4530110542122998,0.01698894578770016
0.75,0.7737518483861858,-0.023751848386185825
0.63,0.6042924903273177,0.025707509672682316
0.87,0.8662878909475624,0.0037121090524375733
0.65,0.643864454565797,0.006135545434203027
0.33,0.3490990397364102,-0.019099039736410195
0.54,0.5258749343127702,0.01412506568722982
0.67,0.6814542607188984,-0.011454260718898324
0.45,0.45492957060970574,-0.004929570609705725
0.45,0.491661759469916,-0.041661759469916015
0.7,0.6786519868800424,0.0213480131199576
0.49,0.48780881192607956,0.002191188073920436
0.82,0.840160590405995,-0.02016059040599505
0.64,0.6367357917556,0.003264208244399991
0.45,0.5535394168700014,-0.1035394168700014
0.69,0.6902858891245177,-0.0002858891245177686
0.62,0.572157770120873,0.04784222987912701
0.45,0.5010069299028661,-0.051006929902866094
0.54,0.5473619085461322,-0.007361908546132168
0.64,0.627247803861543,0.012752196138457017
0.4,0.40785009147636897,-0.007850091476368948
0.57,0.5773193755338281,-0.00731937553382811
0.5,0.46507552275927966,0.03492447724072034
0.82,0.8098687142981191,0.010131285701880821
0.88,0.8719633503688154,0.008036649631184556
0.66,0.6448973766421455,0.015102623357854505
0.5,0.49950041917031884,0.0004995808296811566
0.8,0.8284863923315845,-0.028486392331584454
0.42,0.39333470477901344,0.02666529522098654
0.43,0.43351066320583886,-0.003510663205838871
0.91,0.9081426104180771,0.0018573895819229413
0.56,0.5562720175712463,0.0037279824287537178
0.69,0.680917505416665,0.009082494583334988
0.59,0.6055007175661656,-0.015500717566165667
0.61,0.5915412398021279,0.01845876019787207
0.65,0.6429754847960001,0.007024515203999937
0.46,0.45045398977200624,0.009546010227993784
0.35,0.3409351042067486,0.00906489579325137
0.83,0.8268694667389185,0.0031305332610814807
0.77,0.7478333623385729,0.022166637661427124
0.77,0.7779970381199174,-0.007997038119917366
0.49,0.49768222151140834,-0.007682221511408349
0.58,0.5837846549401872,-0.0037846549401872043
0.38,0.38087471055701055,-0.0008747105570105496
0.48,0.4918165806156484,-0.011816580615648442
0.57,0.5712067374667148,-0.0012067374667148467
0.65,0.6554873432185173,-0.005487343218517293
0.85,0.8537579528655723,-0.003757952865572345
0.59,0.5898108797879666,0.0001891202120333224
0.73,0.7138371795335131,0.01616282046648687
0.64,0.6410362775654228,-0.001036277565422794
0.67,0.6277446423433746,0.04225535765662547
0.57,0.5752216279026333,-0.005221627902633363
0.76,0.7975094349488581,-0.037509434948858056
0.73,0.7264362816708841,0.003563718329115839
0.58,0.568462610028392,0.011537389971607914
0.82,0.7772122423515873,0.042787757648412694
0.41,0.41096030187477994,-0.0009603018747799674
0.64,0.6398406430969331,0.00015935690306689843
0.61,0.5918925365570464,0.018107463442953553
0.67,0.7230147825589552,-0.0530147825589552
0.51,0.5444844889350176,-0.03448448893501754
0.51,0.5179788563481624,-0.007978856348162422
0.79,0.7946368366208932,-0.004636836620893203
0.8,0.7977723313555467,0.00222766864445334
